      0.00000      3.51637    209.00963  14109.71853    334.43353    490.55461    271.49920
      0.02500      1.19136    126.11196   7149.49760      3.70957      9.67114      3.57805
      0.05000      1.09405    123.70911   6581.61972      3.14092      9.63114      3.05204
      0.07500      1.01770    121.82166   6135.32030      2.65383      9.63098      2.57346
      0.10000      0.95770    120.33810   5784.52083      2.21666      9.63098      2.14546
      0.12500      0.91053    119.17199   5508.78585      1.83259      9.63098      1.77078
      0.15000      0.87346    118.25541   5292.05297      1.50159      9.63098      1.44887
      0.17500      0.84432    117.53496   5121.69684      1.22101      9.63098      1.17672
      0.20000      0.82141    116.96867   4987.79372      0.98650      9.63098      0.94975
      0.22500      0.80341    116.52356   4882.54335      0.79278      9.63098      0.76262
      0.25000      0.78926    116.17369   4799.81457      0.63432      9.63098      0.60976
      0.27500      0.77813    115.89869   4734.78819      0.50571      9.63098      0.48587
      0.30000      0.76939    115.68253   4683.67624      0.40202      9.63098      0.38607
      0.32500      0.76252    115.51263   4643.50128      0.31884      9.63098      0.30608
      0.35000      0.75712    115.37908   4611.92301      0.25240      9.63098      0.24223
      0.37500      0.75287    115.27411   4587.10189      0.19951      9.63098      0.19143
      0.40000      0.74953    115.19160   4567.59202      0.15752      9.63098      0.15111
      0.42500      0.74691    115.12675   4552.25690      0.12425      9.63098      0.11918
      0.45000      0.74485    115.07577   4540.20321      0.09793      9.63098      0.09392
      0.47500      0.74323    115.03570   4530.72877      0.07714      9.63098      0.07398
      0.50000      0.74195    115.00421   4523.28169      0.06074      9.63098      0.05825
      0.52500      0.74095    114.97945   4517.42815      0.04781      9.63098      0.04584
      0.55000      0.74016    114.95999   4512.82715      0.03762      9.63098      0.03607
      0.57500      0.73955    114.94470   4509.21068      0.02959      9.63098      0.02837
      0.60000      0.73906    114.93268   4506.36807      0.02328      9.63098      0.02232
      0.62500      0.73868    114.92323   4504.13372      0.01830      9.63098      0.01755
      0.65000      0.73838    114.91580   4502.37748      0.01439      9.63098      0.01380
      0.67500      0.73814    114.90996   4500.99704      0.01132      9.63098      0.01085
      0.70000      0.73795    114.90538   4499.91199      0.00890      9.63098      0.00853
      0.72500      0.73781    114.90177   4499.05912      0.00700      9.63098      0.00671
      0.75000      0.73769    114.89893   4498.38875      0.00550      9.63098      0.00527
      0.77500      0.73760    114.89670   4497.86183      0.00432      9.63098      0.00414
      0.80000      0.73753    114.89495   4497.44765      0.00340      9.63098      0.00326
      0.82500      0.73748    114.89358   4497.12211      0.00267      9.63098      0.00256
      0.85000      0.73743    114.89249   4496.86622      0.00210      9.63098      0.00201
      0.87500      0.73740    114.89164   4496.66509      0.00165      9.63098      0.00158
      0.90000      0.73737    114.89098   4496.50699      0.00130      9.63098      0.00124
      0.92500      0.73735    114.89045   4496.38273      0.00102      9.63098      0.00098
      0.95000      0.73733    114.89004   4496.28506      0.00080      9.63098      0.00077
      0.97500      0.73732    114.88971   4496.20828      0.00063      9.63098      0.00060
      1.00000      0.73731    114.88946   4496.14794      0.00050      9.63098      0.00047
      1.02500      0.73730    114.88926   4496.10050      0.00039      9.63098      0.00037
      1.05000      0.73730    114.88910   4496.06322      0.00031      9.63098      0.00029
      1.07500      0.73729    114.88897   4496.03392      0.00024      9.63098      0.00023
      1.10000      0.73729    114.88888   4496.01088      0.00019      9.63098      0.00018
      1.12500      0.73728    114.88880   4495.99278      0.00015      9.63098      0.00014
      1.15000      0.73728    114.88874   4495.97855      0.00012      9.63098      0.00011
      1.17500      0.73728    114.88869   4495.96736      0.00009      9.63098      0.00009
      1.20000      0.73728    114.88866   4495.95857      0.00007      9.63098      0.00007
      1.22500      0.73728    114.88863   4495.95166      0.00006      9.63098      0.00005
      1.25000      0.73728    114.88860   4495.94622      0.00004      9.63098      0.00004
      1.27500      0.73728    114.88859   4495.94195      0.00004      9.63098      0.00003
      1.30000      0.73728    114.88857   4495.93860      0.00003      9.63098      0.00003
      1.32500      0.73727    114.88856   4495.93596      0.00002      9.63098      0.00002
      1.35000      0.73727    114.88855   4495.93389      0.00002      9.63098      0.00002
      1.37500      0.73727    114.88854   4495.93226      0.00001      9.63098      0.00001
      1.40000      0.73727    114.88854   4495.93098      0.00001      9.63098      0.00001
      1.42500      0.73727    114.88853   4495.92997      0.00001      9.63098      0.00001
      1.45000      0.73727    114.88853   4495.92918      0.00001      9.63098      0.00001
      1.47500      0.73727    114.88853   4495.92855      0.00001      9.63098      0.00000
      1.50000      0.73727    114.88853   4495.92807      0.00000      9.63098      0.00000
      1.52500      0.73727    114.88853   4495.92768      0.00000      9.63098      0.00000
      1.55000      0.73727    114.88852   4495.92738      0.00000      9.63098      0.00000
      1.57500      0.73727    114.88852   4495.92714      0.00000      9.63098      0.00000
      1.60000      0.73727    114.88852   4495.92696      0.00000      9.63098      0.00000
      1.62500      0.73727    114.88852   4495.92681      0.00000      9.63098      0.00000
      1.65000      0.73727    114.88852   4495.92669      0.00000      9.63098      0.00000
      1.67500      0.73727    114.88852   4495.92660      0.00000      9.63098      0.00000
      1.70000      0.73727    114.88852   4495.92653      0.00000      9.63098      0.00000
      1.72500      0.73727    114.88852   4495.92648      0.00000      9.63098      0.00000
      1.75000      0.73727    114.88852   4495.92643      0.00000      9.63098      0.00000
      1.77500      0.73727    114.88852   4495.92640      0.00000      9.63098      0.00000
      1.80000      0.73727    114.88852   4495.92637      0.00000      9.63098      0.00000
      1.82500      0.73727    114.88852   4495.92635      0.00000      9.63098      0.00000
      1.85000      0.73727    114.88852   4495.92633      0.00000      9.63098      0.00000
      1.87500      0.73727    114.88852   4495.92632      0.00000      9.63098      0.00000
      1.90000      0.73727    114.88852   4495.92631      0.00000      9.63098      0.00000
      1.92500      0.73727    114.88852   4495.92630      0.00000      9.63098      0.00000
      1.95000      0.73727    114.88852   4495.92629      0.00000      9.63098      0.00000
      1.97500      0.73727    114.88852   4495.92629      0.00000      9.63098      0.00000
      2.00000      0.73727    114.88852   4495.92628      0.00000      9.63098      0.00000
      2.02500      0.73727    114.88852   4495.92628      0.00000      9.63098      0.00000
      2.05000      0.73727    114.88852   4495.92628      0.00000      9.63098      0.00000
      2.07500      0.73727    114.88852   4495.92628      0.00000      9.63098      0.00000
      2.10000      0.73727    114.88852   4495.92628      0.00000      9.63098      0.00000
      2.12500      0.73727    114.88852   4495.92627      0.00000      9.63098      0.00000
      2.15000      0.73727    114.88852   4495.92627      0.00000      9.63099      0.00000
      2.17500      0.73727    114.88852   4495.92627      0.00000      9.63098      0.00000
      2.20000      0.73727    114.88852   4495.92627      0.00000      9.63098      0.00000
      2.22500      0.73727    114.88852   4495.92627      0.00000      9.63099      0.00000
      2.25000      0.73727    114.88852   4495.92627      0.00000      9.63097      0.00000
      2.27500      0.73727    114.88852   4495.92627      0.00000      9.63098      0.00000
      2.30000      0.73727    114.88852   4495.92627      0.00000      9.63098      0.00000
      2.32500      0.73727    114.88852   4495.92627      0.00000      9.63100      0.00000
      2.35000      0.73727    114.88852   4495.92627      0.00000      9.63098      0.00000
      2.37500      0.73727    114.88852   4495.92627      0.00000      9.63098      0.00000
      2.40000      0.73727    114.88852   4495.92627      0.00000      9.63095      0.00000
      2.42500      0.73727    114.88852   4495.92627      0.00000      9.63100      0.00000
      2.45000      0.73727    114.88852   4495.92627      0.00000      9.63098      0.00000
      2.47500      0.73727    114.88852   4495.92627      0.00000      9.63104      0.00000
      2.50000      0.73727    114.88852   4495.92627      0.00000      9.63095      0.00000
