qmdiag 1.0
----------
 f   =       1.0000 ndim =    40
 t_m =       2.5000 ntau =   100
 x_m =       2.0000 nx   =   100

  n       E_n         |c_n|^2
  0   -172.53033      0.73727    114.88852   4495.92627
  1   -162.89935      0.57746     14.27681   3375.86060
  2     -2.60907      0.00201      0.00083      0.04233
  3     -2.47939      0.00533      0.03893      1.74110
  4      1.13779      0.00000      0.00000      0.00000
  5      2.71303      0.00000      0.00000      0.00000
  6      5.78243      0.00000      0.00000      0.00000
  7      9.33287      0.00000      0.00000      0.00000
  8     13.38472      0.00000      0.00000      0.00000
  9     17.83518      0.00000      0.00000      0.00000
  10     22.63020      0.00000      0.00000      0.00000
  11     27.72995      0.00000      0.00000      0.00000
  12     33.10440      0.00000      0.00000      0.00000
  13     38.72988      0.00000      0.00000      0.00000
  14     44.58720      0.00000      0.00000      0.00000
  15     50.66042      0.00000      0.00000      0.00000
  16     56.93606      0.00000      0.00000      0.00000
  17     63.40257      0.00000      0.00000      0.00004
  18     70.04993      0.00000      0.00001      0.00089
  19     76.86920      0.00000      0.00025      0.00008
  20     83.85483      0.00005      0.00016      0.01190
  21     90.99763      0.00000      0.00028      0.00809
  22     98.29386      0.00010      0.00299      0.01580
  23    105.74168      0.00038      0.01445      0.04206
  24    113.51461      0.00291      0.01071      1.12736
  25    121.34045      0.00006      0.02324      0.54291
  26    129.34773      0.00453      0.14080      0.01536
  27    137.67274      0.01504      0.29282      1.47442
  28    150.60487      0.07953      0.90867     26.67087
  29    162.54330      0.05229      0.00143     23.93564
  30    187.25797      0.16115      1.54199    123.31481
  31    203.55684      0.08134      0.98592     79.29674
  32    241.73996      0.22549      2.26640    307.80777
  33    262.61337      0.11838      5.32677    201.48216
  34    317.74667      0.28271      3.39029    633.22736
  35    343.85370      0.17632     15.54957    470.57376
  36    422.16190      0.33604      5.24034   1187.83337
  37    454.47525      0.27098     35.73582   1056.20264
  38    566.61536      0.38697      8.37166   2122.56421
  39    606.48248      0.42968     72.88767   2333.94214

         x          psi(x)     psi(x)^2
     -2.00000     -0.05684      0.00323      0.23244      0.05403
     -1.96000     -0.11859      0.01406      0.25141      0.06321
     -1.92000     -0.15363      0.02360      0.27106      0.07347
     -1.88000     -0.15424      0.02379      0.29132      0.08487
     -1.84000     -0.12035      0.01448      0.31210      0.09741
     -1.80000     -0.05968      0.00356      0.33330      0.11109
     -1.76000      0.01401      0.00020      0.35480      0.12588
     -1.72000      0.08398      0.00705      0.37650      0.14175
     -1.68000      0.13431      0.01804      0.39825      0.15861
     -1.64000      0.15356      0.02358      0.41994      0.17635
     -1.60000      0.13741      0.01888      0.44140      0.19483
     -1.56000      0.08971      0.00805      0.46249      0.21390
     -1.52000      0.02159      0.00047      0.48307      0.23336
     -1.48000     -0.05104      0.00261      0.50299      0.25300
     -1.44000     -0.11125      0.01238      0.52209      0.27257
     -1.40000     -0.14498      0.02102      0.54022      0.29184
     -1.36000     -0.14442      0.02086      0.55725      0.31053
     -1.32000     -0.10982      0.01206      0.57305      0.32838
     -1.28000     -0.04949      0.00245      0.58748      0.34513
     -1.24000      0.02218      0.00049      0.60045      0.36054
     -1.20000      0.08809      0.00776      0.61185      0.37436
     -1.16000      0.13254      0.01757      0.62160      0.38639
     -1.12000      0.14496      0.02101      0.62964      0.39645
     -1.08000      0.12248      0.01500      0.63594      0.40441
     -1.04000      0.07065      0.00499      0.64045      0.41018
     -1.00000      0.00206      0.00000      0.64319      0.41369
     -0.96000     -0.06663      0.00444      0.64416      0.41495
     -0.92000     -0.11876      0.01410      0.64342      0.41399
     -0.88000     -0.14171      0.02008      0.64102      0.41090
     -0.84000     -0.12999      0.01690      0.63704      0.40582
     -0.80000     -0.08655      0.00749      0.63159      0.39891
     -0.76000     -0.02213      0.00049      0.62479      0.39036
     -0.72000      0.04742      0.00225      0.61677      0.38041
     -0.68000      0.10501      0.01103      0.60770      0.36930
     -0.64000      0.13648      0.01863      0.59774      0.35729
     -0.60000      0.13416      0.01800      0.58706      0.34464
     -0.56000      0.09868      0.00974      0.57585      0.33161
     -0.52000      0.03891      0.00151      0.56431      0.31845
     -0.48000     -0.03032      0.00092      0.55263      0.30540
     -0.44000     -0.09180      0.00843      0.54101      0.29269
     -0.40000     -0.13030      0.01698      0.52963      0.28051
     -0.36000     -0.13628      0.01857      0.51870      0.26904
     -0.32000     -0.10830      0.01173      0.50837      0.25844
     -0.28000     -0.05338      0.00285      0.49883      0.24883
     -0.24000      0.01475      0.00022      0.49022      0.24032
     -0.20000      0.07910      0.00626      0.48270      0.23300
     -0.16000      0.12360      0.01528      0.47636      0.22692
     -0.12000      0.13715      0.01881      0.47133      0.22215
     -0.08000      0.11638      0.01355      0.46768      0.21872
     -0.04000      0.06651      0.00442      0.46546      0.21665
      0.00000     -0.00000      0.00000      0.46472      0.21596
      0.04000     -0.06651      0.00442      0.46546      0.21665
      0.08000     -0.11638      0.01355      0.46768      0.21872
      0.12000     -0.13715      0.01881      0.47133      0.22215
      0.16000     -0.12360      0.01528      0.47636      0.22692
      0.20000     -0.07910      0.00626      0.48270      0.23300
      0.24000     -0.01475      0.00022      0.49022      0.24032
      0.28000      0.05338      0.00285      0.49883      0.24883
      0.32000      0.10830      0.01173      0.50837      0.25844
      0.36000      0.13628      0.01857      0.51870      0.26904
      0.40000      0.13030      0.01698      0.52963      0.28051
      0.44000      0.09180      0.00843      0.54101      0.29269
      0.48000      0.03032      0.00092      0.55263      0.30540
      0.52000     -0.03891      0.00151      0.56431      0.31845
      0.56000     -0.09868      0.00974      0.57585      0.33161
      0.60000     -0.13416      0.01800      0.58706      0.34464
      0.64000     -0.13648      0.01863      0.59774      0.35729
      0.68000     -0.10501      0.01103      0.60770      0.36930
      0.72000     -0.04742      0.00225      0.61677      0.38041
      0.76000      0.02213      0.00049      0.62479      0.39036
      0.80000      0.08655      0.00749      0.63159      0.39891
      0.84000      0.12999      0.01690      0.63704      0.40582
      0.88000      0.14171      0.02008      0.64102      0.41090
      0.92000      0.11876      0.01410      0.64342      0.41399
      0.96000      0.06663      0.00444      0.64416      0.41495
      1.00000     -0.00206      0.00000      0.64319      0.41369
      1.04000     -0.07065      0.00499      0.64045      0.41018
      1.08000     -0.12248      0.01500      0.63594      0.40441
      1.12000     -0.14496      0.02101      0.62964      0.39645
      1.16000     -0.13254      0.01757      0.62160      0.38639
      1.20000     -0.08809      0.00776      0.61185      0.37436
      1.24000     -0.02218      0.00049      0.60045      0.36054
      1.28000      0.04949      0.00245      0.58748      0.34513
      1.32000      0.10982      0.01206      0.57305      0.32838
      1.36000      0.14442      0.02086      0.55725      0.31053
      1.40000      0.14498      0.02102      0.54022      0.29184
      1.44000      0.11125      0.01238      0.52209      0.27257
      1.48000      0.05104      0.00261      0.50299      0.25300
      1.52000     -0.02159      0.00047      0.48307      0.23336
      1.56000     -0.08971      0.00805      0.46249      0.21390
      1.60000     -0.13741      0.01888      0.44140      0.19483
      1.64000     -0.15356      0.02358      0.41994      0.17635
      1.68000     -0.13431      0.01804      0.39825      0.15861
      1.72000     -0.08398      0.00705      0.37650      0.14175
      1.76000     -0.01401      0.00020      0.35480      0.12588
      1.80000      0.05968      0.00356      0.33330      0.11109
      1.84000      0.12035      0.01448      0.31210      0.09741
      1.88000      0.15424      0.02379      0.29132      0.08487
      1.92000      0.15363      0.02360      0.27106      0.07347
      1.96000      0.11859      0.01406      0.25141      0.06321
      2.00000      0.05684      0.00323      0.23244      0.05403

         t         x(0)x(t)     1 state     3 states
      0.00000      2.77909      0.57746      0.58479      0.58479
      0.02500      0.45409      0.45390      0.45400      0.45400
      0.05000      0.35677      0.35677      0.35677      0.35677
      0.07500      0.28043      0.28043      0.28043      0.28043
      0.10000      0.22042      0.22042      0.22042      0.22042
      0.12500      0.17326      0.17326      0.17326      0.17326
      0.15000      0.13618      0.13618      0.13618      0.13618
      0.17500      0.10704      0.10704      0.10704      0.10704
      0.20000      0.08414      0.08414      0.08414      0.08414
      0.22500      0.06613      0.06613      0.06613      0.06613
      0.25000      0.05198      0.05198      0.05198      0.05198
      0.27500      0.04086      0.04086      0.04086      0.04086
      0.30000      0.03212      0.03212      0.03212      0.03212
      0.32500      0.02524      0.02524      0.02524      0.02524
      0.35000      0.01984      0.01984      0.01984      0.01984
      0.37500      0.01560      0.01560      0.01560      0.01560
      0.40000      0.01226      0.01226      0.01226      0.01226
      0.42500      0.00964      0.00964      0.00964      0.00964
      0.45000      0.00757      0.00757      0.00757      0.00757
      0.47500      0.00595      0.00595      0.00595      0.00595
      0.50000      0.00468      0.00468      0.00468      0.00468
      0.52500      0.00368      0.00368      0.00368      0.00368
      0.55000      0.00289      0.00289      0.00289      0.00289
      0.57500      0.00227      0.00227      0.00227      0.00227
      0.60000      0.00179      0.00179      0.00179      0.00179
      0.62500      0.00140      0.00140      0.00140      0.00140
      0.65000      0.00110      0.00110      0.00110      0.00110
      0.67500      0.00087      0.00087      0.00087      0.00087
      0.70000      0.00068      0.00068      0.00068      0.00068
      0.72500      0.00054      0.00054      0.00054      0.00054
      0.75000      0.00042      0.00042      0.00042      0.00042
      0.77500      0.00033      0.00033      0.00033      0.00033
      0.80000      0.00026      0.00026      0.00026      0.00026
      0.82500      0.00020      0.00020      0.00020      0.00020
      0.85000      0.00016      0.00016      0.00016      0.00016
      0.87500      0.00013      0.00013      0.00013      0.00013
      0.90000      0.00010      0.00010      0.00010      0.00010
      0.92500      0.00008      0.00008      0.00008      0.00008
      0.95000      0.00006      0.00006      0.00006      0.00006
      0.97500      0.00005      0.00005      0.00005      0.00005
      1.00000      0.00004      0.00004      0.00004      0.00004
      1.02500      0.00003      0.00003      0.00003      0.00003
      1.05000      0.00002      0.00002      0.00002      0.00002
      1.07500      0.00002      0.00002      0.00002      0.00002
      1.10000      0.00001      0.00001      0.00001      0.00001
      1.12500      0.00001      0.00001      0.00001      0.00001
      1.15000      0.00001      0.00001      0.00001      0.00001
      1.17500      0.00001      0.00001      0.00001      0.00001
      1.20000      0.00001      0.00001      0.00001      0.00001
      1.22500      0.00000      0.00000      0.00000      0.00000
      1.25000      0.00000      0.00000      0.00000      0.00000
      1.27500      0.00000      0.00000      0.00000      0.00000
      1.30000      0.00000      0.00000      0.00000      0.00000
      1.32500      0.00000      0.00000      0.00000      0.00000
      1.35000      0.00000      0.00000      0.00000      0.00000
      1.37500      0.00000      0.00000      0.00000      0.00000
      1.40000      0.00000      0.00000      0.00000      0.00000
      1.42500      0.00000      0.00000      0.00000      0.00000
      1.45000      0.00000      0.00000      0.00000      0.00000
      1.47500      0.00000      0.00000      0.00000      0.00000
      1.50000      0.00000      0.00000      0.00000      0.00000
      1.52500      0.00000      0.00000      0.00000      0.00000
      1.55000      0.00000      0.00000      0.00000      0.00000
      1.57500      0.00000      0.00000      0.00000      0.00000
      1.60000      0.00000      0.00000      0.00000      0.00000
      1.62500      0.00000      0.00000      0.00000      0.00000
      1.65000      0.00000      0.00000      0.00000      0.00000
      1.67500      0.00000      0.00000      0.00000      0.00000
      1.70000      0.00000      0.00000      0.00000      0.00000
      1.72500      0.00000      0.00000      0.00000      0.00000
      1.75000      0.00000      0.00000      0.00000      0.00000
      1.77500      0.00000      0.00000      0.00000      0.00000
      1.80000      0.00000      0.00000      0.00000      0.00000
      1.82500      0.00000      0.00000      0.00000      0.00000
      1.85000      0.00000      0.00000      0.00000      0.00000
      1.87500      0.00000      0.00000      0.00000      0.00000
      1.90000      0.00000      0.00000      0.00000      0.00000
      1.92500      0.00000      0.00000      0.00000      0.00000
      1.95000      0.00000      0.00000      0.00000      0.00000
      1.97500      0.00000      0.00000      0.00000      0.00000
      2.00000      0.00000      0.00000      0.00000      0.00000
      2.02500      0.00000      0.00000      0.00000      0.00000
      2.05000      0.00000      0.00000      0.00000      0.00000
      2.07500      0.00000      0.00000      0.00000      0.00000
      2.10000      0.00000      0.00000      0.00000      0.00000
      2.12500      0.00000      0.00000      0.00000      0.00000
      2.15000      0.00000      0.00000      0.00000      0.00000
      2.17500      0.00000      0.00000      0.00000      0.00000
      2.20000      0.00000      0.00000      0.00000      0.00000
      2.22500      0.00000      0.00000      0.00000      0.00000
      2.25000      0.00000      0.00000      0.00000      0.00000
      2.27500      0.00000      0.00000      0.00000      0.00000
      2.30000      0.00000      0.00000      0.00000      0.00000
      2.32500      0.00000      0.00000      0.00000      0.00000
      2.35000      0.00000      0.00000      0.00000      0.00000
      2.37500      0.00000      0.00000      0.00000      0.00000
      2.40000      0.00000      0.00000      0.00000      0.00000
      2.42500      0.00000      0.00000      0.00000      0.00000
      2.45000      0.00000      0.00000      0.00000      0.00000
      2.47500      0.00000      0.00000      0.00000      0.00000
      2.50000      0.00000      0.00000      0.00000      0.00000

         t      log x(0)x(t)    1 state     3 states
      0.00000      1.02213     -0.54911     -0.53649     -0.53649
      0.02500     -0.78947     -0.78989     -0.78966     -0.78966
      0.05000     -1.03066     -1.03066     -1.03066     -1.03066
      0.07500     -1.27144     -1.27144     -1.27144     -1.27144
      0.10000     -1.51221     -1.51221     -1.51221     -1.51221
      0.12500     -1.75299     -1.75299     -1.75299     -1.75299
      0.15000     -1.99376     -1.99376     -1.99376     -1.99376
      0.17500     -2.23453     -2.23453     -2.23453     -2.23453
      0.20000     -2.47531     -2.47531     -2.47531     -2.47531
      0.22500     -2.71608     -2.71608     -2.71608     -2.71608
      0.25000     -2.95686     -2.95686     -2.95686     -2.95686
      0.27500     -3.19763     -3.19763     -3.19763     -3.19763
      0.30000     -3.43841     -3.43841     -3.43841     -3.43841
      0.32500     -3.67918     -3.67918     -3.67918     -3.67918
      0.35000     -3.91996     -3.91996     -3.91996     -3.91996
      0.37500     -4.16073     -4.16073     -4.16073     -4.16073
      0.40000     -4.40151     -4.40151     -4.40151     -4.40151
      0.42500     -4.64228     -4.64228     -4.64228     -4.64228
      0.45000     -4.88305     -4.88305     -4.88305     -4.88305
      0.47500     -5.12383     -5.12383     -5.12383     -5.12383
      0.50000     -5.36460     -5.36460     -5.36460     -5.36460
      0.52500     -5.60538     -5.60538     -5.60538     -5.60538
      0.55000     -5.84615     -5.84615     -5.84615     -5.84615
      0.57500     -6.08693     -6.08693     -6.08693     -6.08693
      0.60000     -6.32770     -6.32770     -6.32770     -6.32770
      0.62500     -6.56848     -6.56848     -6.56848     -6.56848
      0.65000     -6.80925     -6.80925     -6.80925     -6.80925
      0.67500     -7.05003     -7.05003     -7.05003     -7.05003
      0.70000     -7.29080     -7.29080     -7.29080     -7.29080
      0.72500     -7.53157     -7.53157     -7.53157     -7.53157
      0.75000     -7.77235     -7.77235     -7.77235     -7.77235
      0.77500     -8.01312     -8.01312     -8.01312     -8.01312
      0.80000     -8.25390     -8.25390     -8.25390     -8.25390
      0.82500     -8.49467     -8.49467     -8.49467     -8.49467
      0.85000     -8.73545     -8.73545     -8.73545     -8.73545
      0.87500     -8.97622     -8.97622     -8.97622     -8.97622
      0.90000     -9.21700     -9.21700     -9.21700     -9.21700
      0.92500     -9.45777     -9.45777     -9.45777     -9.45777
      0.95000     -9.69854     -9.69854     -9.69854     -9.69854
      0.97500     -9.93932     -9.93932     -9.93932     -9.93932
      1.00000    -10.18009    -10.18009    -10.18009    -10.18009
      1.02500    -10.42087    -10.42087    -10.42087    -10.42087
      1.05000    -10.66164    -10.66164    -10.66164    -10.66164
      1.07500    -10.90242    -10.90242    -10.90242    -10.90242
      1.10000    -11.14319    -11.14319    -11.14319    -11.14319
      1.12500    -11.38397    -11.38397    -11.38397    -11.38397
      1.15000    -11.62474    -11.62474    -11.62474    -11.62474
      1.17500    -11.86552    -11.86552    -11.86552    -11.86552
      1.20000    -12.10629    -12.10629    -12.10629    -12.10629
      1.22500    -12.34706    -12.34706    -12.34706    -12.34706
      1.25000    -12.58784    -12.58784    -12.58784    -12.58784
      1.27500    -12.82861    -12.82861    -12.82861    -12.82861
      1.30000    -13.06939    -13.06939    -13.06939    -13.06939
      1.32500    -13.31016    -13.31016    -13.31016    -13.31016
      1.35000    -13.55094    -13.55094    -13.55094    -13.55094
      1.37500    -13.79171    -13.79171    -13.79171    -13.79171
      1.40000    -14.03249    -14.03249    -14.03249    -14.03249
      1.42500    -14.27326    -14.27326    -14.27326    -14.27326
      1.45000    -14.51404    -14.51404    -14.51404    -14.51404
      1.47500    -14.75481    -14.75481    -14.75481    -14.75481
      1.50000    -14.99558    -14.99558    -14.99558    -14.99558
      1.52500    -15.23636    -15.23636    -15.23636    -15.23636
      1.55000    -15.47713    -15.47713    -15.47713    -15.47713
      1.57500    -15.71791    -15.71791    -15.71791    -15.71791
      1.60000    -15.95868    -15.95868    -15.95868    -15.95868
      1.62500    -16.19946    -16.19946    -16.19946    -16.19946
      1.65000    -16.44023    -16.44023    -16.44023    -16.44023
      1.67500    -16.68101    -16.68101    -16.68101    -16.68101
      1.70000    -16.92178    -16.92178    -16.92178    -16.92178
      1.72500    -17.16256    -17.16256    -17.16256    -17.16256
      1.75000    -17.40333    -17.40333    -17.40333    -17.40333
      1.77500    -17.64410    -17.64410    -17.64410    -17.64410
      1.80000    -17.88488    -17.88488    -17.88488    -17.88488
      1.82500    -18.12565    -18.12565    -18.12565    -18.12565
      1.85000    -18.36643    -18.36643    -18.36643    -18.36643
      1.87500    -18.60720    -18.60720    -18.60720    -18.60720
      1.90000    -18.84798    -18.84798    -18.84798    -18.84798
      1.92500    -19.08875    -19.08875    -19.08875    -19.08875
      1.95000    -19.32953    -19.32953    -19.32953    -19.32953
      1.97500    -19.57030    -19.57030    -19.57030    -19.57030
      2.00000    -19.81108    -19.81108    -19.81108    -19.81108
      2.02500    -20.05185    -20.05185    -20.05185    -20.05185
      2.05000    -20.29262    -20.29262    -20.29262    -20.29262
      2.07500    -20.53340    -20.53340    -20.53340    -20.53340
      2.10000    -20.77417    -20.77417    -20.77417    -20.77417
      2.12500    -21.01495    -21.01495    -21.01495    -21.01495
      2.15000    -21.25572    -21.25572    -21.25572    -21.25572
      2.17500    -21.49650    -21.49650    -21.49650    -21.49650
      2.20000    -21.73727    -21.73727    -21.73727    -21.73727
      2.22500    -21.97805    -21.97805    -21.97805    -21.97805
      2.25000    -22.21882    -22.21882    -22.21882    -22.21882
      2.27500    -22.45960    -22.45960    -22.45960    -22.45960
      2.30000    -22.70037    -22.70037    -22.70037    -22.70037
      2.32500    -22.94114    -22.94114    -22.94114    -22.94114
      2.35000    -23.18192    -23.18192    -23.18192    -23.18192
      2.37500    -23.42269    -23.42269    -23.42269    -23.42269
      2.40000    -23.66347    -23.66347    -23.66347    -23.66347
      2.42500    -23.90424    -23.90424    -23.90424    -23.90424
      2.45000    -24.14502    -24.14502    -24.14502    -24.14502
      2.47500    -24.38579    -24.38579    -24.38579    -24.38579
      2.50000    -24.62657    -24.62657    -24.62657    -24.62657

         t      d log(pi)/dt    1 state     3 states
      0.00000     72.46366      9.63098     10.12651     10.12651
      0.02500      9.64765      9.63098      9.64003      9.64003
      0.05000      9.63115      9.63098      9.63115      9.63115
      0.07500      9.63098      9.63098      9.63098      9.63098
      0.10000      9.63098      9.63098      9.63098      9.63098
      0.12500      9.63098      9.63098      9.63098      9.63098
      0.15000      9.63098      9.63098      9.63098      9.63098
      0.17500      9.63098      9.63098      9.63098      9.63098
      0.20000      9.63098      9.63098      9.63098      9.63098
      0.22500      9.63098      9.63098      9.63098      9.63098
      0.25000      9.63098      9.63098      9.63098      9.63098
      0.27500      9.63098      9.63098      9.63098      9.63098
      0.30000      9.63098      9.63098      9.63098      9.63098
      0.32500      9.63098      9.63098      9.63098      9.63098
      0.35000      9.63098      9.63098      9.63098      9.63098
      0.37500      9.63098      9.63098      9.63098      9.63098
      0.40000      9.63098      9.63098      9.63098      9.63098
      0.42500      9.63098      9.63098      9.63098      9.63098
      0.45000      9.63098      9.63098      9.63098      9.63098
      0.47500      9.63098      9.63098      9.63098      9.63098
      0.50000      9.63098      9.63098      9.63098      9.63098
      0.52500      9.63098      9.63098      9.63098      9.63098
      0.55000      9.63098      9.63098      9.63098      9.63098
      0.57500      9.63098      9.63098      9.63098      9.63098
      0.60000      9.63098      9.63098      9.63098      9.63098
      0.62500      9.63098      9.63098      9.63098      9.63098
      0.65000      9.63098      9.63098      9.63098      9.63098
      0.67500      9.63098      9.63098      9.63098      9.63098
      0.70000      9.63098      9.63098      9.63098      9.63098
      0.72500      9.63098      9.63098      9.63098      9.63098
      0.75000      9.63098      9.63098      9.63098      9.63098
      0.77500      9.63098      9.63098      9.63098      9.63098
      0.80000      9.63098      9.63098      9.63098      9.63098
      0.82500      9.63098      9.63098      9.63098      9.63098
      0.85000      9.63098      9.63098      9.63098      9.63098
      0.87500      9.63098      9.63098      9.63098      9.63098
      0.90000      9.63098      9.63098      9.63098      9.63098
      0.92500      9.63098      9.63098      9.63098      9.63098
      0.95000      9.63098      9.63098      9.63098      9.63098
      0.97500      9.63098      9.63098      9.63098      9.63098
      1.00000      9.63098      9.63098      9.63098      9.63098
      1.02500      9.63098      9.63098      9.63098      9.63098
      1.05000      9.63098      9.63098      9.63098      9.63098
      1.07500      9.63098      9.63098      9.63098      9.63098
      1.10000      9.63098      9.63098      9.63098      9.63098
      1.12500      9.63098      9.63098      9.63098      9.63098
      1.15000      9.63098      9.63098      9.63098      9.63098
      1.17500      9.63098      9.63098      9.63098      9.63098
      1.20000      9.63098      9.63098      9.63098      9.63098
      1.22500      9.63098      9.63098      9.63098      9.63098
      1.25000      9.63098      9.63098      9.63098      9.63098
      1.27500      9.63098      9.63098      9.63098      9.63098
      1.30000      9.63098      9.63098      9.63098      9.63098
      1.32500      9.63098      9.63098      9.63098      9.63098
      1.35000      9.63098      9.63098      9.63098      9.63098
      1.37500      9.63098      9.63098      9.63098      9.63098
      1.40000      9.63098      9.63098      9.63098      9.63098
      1.42500      9.63098      9.63098      9.63098      9.63098
      1.45000      9.63098      9.63098      9.63098      9.63098
      1.47500      9.63098      9.63098      9.63098      9.63098
      1.50000      9.63098      9.63098      9.63098      9.63098
      1.52500      9.63098      9.63098      9.63098      9.63098
      1.55000      9.63098      9.63098      9.63098      9.63098
      1.57500      9.63098      9.63098      9.63098      9.63098
      1.60000      9.63098      9.63098      9.63098      9.63098
      1.62500      9.63098      9.63098      9.63098      9.63098
      1.65000      9.63098      9.63098      9.63098      9.63098
      1.67500      9.63098      9.63098      9.63098      9.63098
      1.70000      9.63098      9.63098      9.63098      9.63098
      1.72500      9.63098      9.63098      9.63098      9.63098
      1.75000      9.63098      9.63098      9.63098      9.63098
      1.77500      9.63098      9.63098      9.63098      9.63098
      1.80000      9.63098      9.63098      9.63098      9.63098
      1.82500      9.63098      9.63098      9.63098      9.63098
      1.85000      9.63098      9.63098      9.63098      9.63098
      1.87500      9.63098      9.63098      9.63098      9.63098
      1.90000      9.63098      9.63098      9.63098      9.63098
      1.92500      9.63098      9.63098      9.63098      9.63098
      1.95000      9.63098      9.63098      9.63098      9.63098
      1.97500      9.63098      9.63098      9.63098      9.63098
      2.00000      9.63098      9.63098      9.63098      9.63098
      2.02500      9.63098      9.63098      9.63098      9.63098
      2.05000      9.63098      9.63098      9.63098      9.63098
      2.07500      9.63099      9.63099      9.63099      9.63099
      2.10000      9.63098      9.63098      9.63098      9.63098
      2.12500      9.63098      9.63098      9.63098      9.63098
      2.15000      9.63098      9.63098      9.63098      9.63098
      2.17500      9.63098      9.63098      9.63098      9.63098
      2.20000      9.63098      9.63098      9.63098      9.63098
      2.22500      9.63098      9.63098      9.63098      9.63098
      2.25000      9.63098      9.63098      9.63098      9.63098
      2.27500      9.63098      9.63098      9.63098      9.63098
      2.30000      9.63098      9.63098      9.63098      9.63098
      2.32500      9.63098      9.63098      9.63098      9.63098
      2.35000      9.63098      9.63098      9.63098      9.63098
      2.37500      9.63098      9.63098      9.63098      9.63098
      2.40000      9.63098      9.63098      9.63098      9.63098
      2.42500      9.63098      9.63098      9.63098      9.63098
      2.45000      9.63098      9.63098      9.63098      9.63098
      2.47500      9.63098      9.63098      9.63098      9.63098

         t      x^2(0)x^2(t)    1 state     3 states
      0.00000    209.00963    114.88852    129.16615    129.20508
      0.02500    126.11196    114.88852    126.11037    126.11093
      0.05000    123.70911    114.88852    123.70910    123.70911
      0.07500    121.82166    114.88852    121.82166    121.82166
      0.10000    120.33810    114.88852    120.33810    120.33810
      0.12500    119.17199    114.88852    119.17199    119.17199
      0.15000    118.25541    114.88852    118.25541    118.25541
      0.17500    117.53496    114.88852    117.53496    117.53496
      0.20000    116.96867    114.88852    116.96867    116.96867
      0.22500    116.52356    114.88852    116.52356    116.52356
      0.25000    116.17369    114.88852    116.17369    116.17369
      0.27500    115.89869    114.88852    115.89869    115.89869
      0.30000    115.68253    114.88852    115.68253    115.68253
      0.32500    115.51263    114.88852    115.51263    115.51263
      0.35000    115.37908    114.88852    115.37908    115.37908
      0.37500    115.27411    114.88852    115.27411    115.27411
      0.40000    115.19160    114.88852    115.19160    115.19160
      0.42500    115.12675    114.88852    115.12675    115.12675
      0.45000    115.07577    114.88852    115.07577    115.07577
      0.47500    115.03570    114.88852    115.03571    115.03571
      0.50000    115.00421    114.88852    115.00421    115.00421
      0.52500    114.97945    114.88852    114.97945    114.97945
      0.55000    114.95999    114.88852    114.95999    114.95999
      0.57500    114.94470    114.88852    114.94470    114.94470
      0.60000    114.93268    114.88852    114.93268    114.93268
      0.62500    114.92323    114.88852    114.92323    114.92323
      0.65000    114.91580    114.88852    114.91580    114.91580
      0.67500    114.90996    114.88852    114.90997    114.90997
      0.70000    114.90538    114.88852    114.90537    114.90537
      0.72500    114.90177    114.88852    114.90177    114.90177
      0.75000    114.89893    114.88852    114.89893    114.89893
      0.77500    114.89670    114.88852    114.89671    114.89671
      0.80000    114.89495    114.88852    114.89495    114.89495
      0.82500    114.89358    114.88852    114.89358    114.89358
      0.85000    114.89249    114.88852    114.89249    114.89249
      0.87500    114.89164    114.88852    114.89165    114.89165
      0.90000    114.89098    114.88852    114.89098    114.89098
      0.92500    114.89045    114.88852    114.89045    114.89045
      0.95000    114.89004    114.88852    114.89004    114.89004
      0.97500    114.88971    114.88852    114.88971    114.88971
      1.00000    114.88946    114.88852    114.88946    114.88946
      1.02500    114.88926    114.88852    114.88926    114.88926
      1.05000    114.88910    114.88852    114.88910    114.88910
      1.07500    114.88897    114.88852    114.88898    114.88898
      1.10000    114.88888    114.88852    114.88888    114.88888
      1.12500    114.88880    114.88852    114.88880    114.88880
      1.15000    114.88874    114.88852    114.88874    114.88874
      1.17500    114.88869    114.88852    114.88869    114.88869
      1.20000    114.88866    114.88852    114.88866    114.88866
      1.22500    114.88863    114.88852    114.88863    114.88863
      1.25000    114.88860    114.88852    114.88860    114.88860
      1.27500    114.88859    114.88852    114.88859    114.88859
      1.30000    114.88857    114.88852    114.88857    114.88857
      1.32500    114.88856    114.88852    114.88856    114.88856
      1.35000    114.88855    114.88852    114.88855    114.88855
      1.37500    114.88854    114.88852    114.88854    114.88854
      1.40000    114.88854    114.88852    114.88854    114.88854
      1.42500    114.88853    114.88852    114.88853    114.88853
      1.45000    114.88853    114.88852    114.88853    114.88853
      1.47500    114.88853    114.88852    114.88853    114.88853
      1.50000    114.88853    114.88852    114.88853    114.88853
      1.52500    114.88853    114.88852    114.88853    114.88853
      1.55000    114.88852    114.88852    114.88853    114.88853
      1.57500    114.88852    114.88852    114.88852    114.88852
      1.60000    114.88852    114.88852    114.88852    114.88852
      1.62500    114.88852    114.88852    114.88852    114.88852
      1.65000    114.88852    114.88852    114.88852    114.88852
      1.67500    114.88852    114.88852    114.88852    114.88852
      1.70000    114.88852    114.88852    114.88852    114.88852
      1.72500    114.88852    114.88852    114.88852    114.88852
      1.75000    114.88852    114.88852    114.88852    114.88852
      1.77500    114.88852    114.88852    114.88852    114.88852
      1.80000    114.88852    114.88852    114.88852    114.88852
      1.82500    114.88852    114.88852    114.88852    114.88852
      1.85000    114.88852    114.88852    114.88852    114.88852
      1.87500    114.88852    114.88852    114.88852    114.88852
      1.90000    114.88852    114.88852    114.88852    114.88852
      1.92500    114.88852    114.88852    114.88852    114.88852
      1.95000    114.88852    114.88852    114.88852    114.88852
      1.97500    114.88852    114.88852    114.88852    114.88852
      2.00000    114.88852    114.88852    114.88852    114.88852
      2.02500    114.88852    114.88852    114.88852    114.88852
      2.05000    114.88852    114.88852    114.88852    114.88852
      2.07500    114.88852    114.88852    114.88852    114.88852
      2.10000    114.88852    114.88852    114.88852    114.88852
      2.12500    114.88852    114.88852    114.88852    114.88852
      2.15000    114.88852    114.88852    114.88852    114.88852
      2.17500    114.88852    114.88852    114.88852    114.88852
      2.20000    114.88852    114.88852    114.88852    114.88852
      2.22500    114.88852    114.88852    114.88852    114.88852
      2.25000    114.88852    114.88852    114.88852    114.88852
      2.27500    114.88852    114.88852    114.88852    114.88852
      2.30000    114.88852    114.88852    114.88852    114.88852
      2.32500    114.88852    114.88852    114.88852    114.88852
      2.35000    114.88852    114.88852    114.88852    114.88852
      2.37500    114.88852    114.88852    114.88852    114.88852
      2.40000    114.88852    114.88852    114.88852    114.88852
      2.42500    114.88852    114.88852    114.88852    114.88852
      2.45000    114.88852    114.88852    114.88852    114.88852
      2.47500    114.88852    114.88852    114.88852    114.88852
      2.50000    114.88852    114.88852    114.88852    114.88852

         t      x^3(0)x^3(t)    1 state     3 states
      0.00000   4495.92627   7871.78711   7873.57031   7873.57031
      0.02500   4495.92627   7149.41602   7149.44189   7149.44189
      0.05000   4495.92627   6581.61914   6581.61963   6581.61963
      0.07500   4495.92627   6135.32031   6135.32031   6135.32031
      0.10000   4495.92627   5784.52100   5784.52100   5784.52100
      0.12500   4495.92627   5508.78564   5508.78564   5508.78564
      0.15000   4495.92627   5292.05273   5292.05273   5292.05273
      0.17500   4495.92627   5121.69678   5121.69678   5121.69678
      0.20000   4495.92627   4987.79395   4987.79395   4987.79395
      0.22500   4495.92627   4882.54346   4882.54346   4882.54346
      0.25000   4495.92627   4799.81445   4799.81445   4799.81445
      0.27500   4495.92627   4734.78809   4734.78809   4734.78809
      0.30000   4495.92627   4683.67627   4683.67627   4683.67627
      0.32500   4495.92627   4643.50146   4643.50146   4643.50146
      0.35000   4495.92627   4611.92285   4611.92285   4611.92285
      0.37500   4495.92627   4587.10205   4587.10205   4587.10205
      0.40000   4495.92627   4567.59180   4567.59180   4567.59180
      0.42500   4495.92627   4552.25684   4552.25684   4552.25684
      0.45000   4495.92627   4540.20312   4540.20312   4540.20312
      0.47500   4495.92627   4530.72900   4530.72900   4530.72900
      0.50000   4495.92627   4523.28174   4523.28174   4523.28174
      0.52500   4495.92627   4517.42822   4517.42822   4517.42822
      0.55000   4495.92627   4512.82715   4512.82715   4512.82715
      0.57500   4495.92627   4509.21045   4509.21045   4509.21045
      0.60000   4495.92627   4506.36816   4506.36816   4506.36816
      0.62500   4495.92627   4504.13379   4504.13379   4504.13379
      0.65000   4495.92627   4502.37744   4502.37744   4502.37744
      0.67500   4495.92627   4500.99707   4500.99707   4500.99707
      0.70000   4495.92627   4499.91211   4499.91211   4499.91211
      0.72500   4495.92627   4499.05908   4499.05908   4499.05908
      0.75000   4495.92627   4498.38867   4498.38867   4498.38867
      0.77500   4495.92627   4497.86182   4497.86182   4497.86182
      0.80000   4495.92627   4497.44775   4497.44775   4497.44775
      0.82500   4495.92627   4497.12207   4497.12207   4497.12207
      0.85000   4495.92627   4496.86621   4496.86621   4496.86621
      0.87500   4495.92627   4496.66504   4496.66504   4496.66504
      0.90000   4495.92627   4496.50684   4496.50684   4496.50684
      0.92500   4495.92627   4496.38281   4496.38281   4496.38281
      0.95000   4495.92627   4496.28516   4496.28516   4496.28516
      0.97500   4495.92627   4496.20850   4496.20850   4496.20850
      1.00000   4495.92627   4496.14795   4496.14795   4496.14795
      1.02500   4495.92627   4496.10059   4496.10059   4496.10059
      1.05000   4495.92627   4496.06299   4496.06299   4496.06299
      1.07500   4495.92627   4496.03369   4496.03369   4496.03369
      1.10000   4495.92627   4496.01074   4496.01074   4496.01074
      1.12500   4495.92627   4495.99268   4495.99268   4495.99268
      1.15000   4495.92627   4495.97852   4495.97852   4495.97852
      1.17500   4495.92627   4495.96729   4495.96729   4495.96729
      1.20000   4495.92627   4495.95850   4495.95850   4495.95850
      1.22500   4495.92627   4495.95166   4495.95166   4495.95166
      1.25000   4495.92627   4495.94629   4495.94629   4495.94629
      1.27500   4495.92627   4495.94189   4495.94189   4495.94189
      1.30000   4495.92627   4495.93848   4495.93848   4495.93848
      1.32500   4495.92627   4495.93604   4495.93604   4495.93604
      1.35000   4495.92627   4495.93408   4495.93408   4495.93408
      1.37500   4495.92627   4495.93213   4495.93213   4495.93213
      1.40000   4495.92627   4495.93115   4495.93115   4495.93115
      1.42500   4495.92627   4495.93018   4495.93018   4495.93018
      1.45000   4495.92627   4495.92920   4495.92920   4495.92920
      1.47500   4495.92627   4495.92871   4495.92871   4495.92871
      1.50000   4495.92627   4495.92822   4495.92822   4495.92822
      1.52500   4495.92627   4495.92773   4495.92773   4495.92773
      1.55000   4495.92627   4495.92725   4495.92725   4495.92725
      1.57500   4495.92627   4495.92725   4495.92725   4495.92725
      1.60000   4495.92627   4495.92676   4495.92676   4495.92676
      1.62500   4495.92627   4495.92676   4495.92676   4495.92676
      1.65000   4495.92627   4495.92676   4495.92676   4495.92676
      1.67500   4495.92627   4495.92676   4495.92676   4495.92676
      1.70000   4495.92627   4495.92676   4495.92676   4495.92676
      1.72500   4495.92627   4495.92627   4495.92627   4495.92627
      1.75000   4495.92627   4495.92627   4495.92627   4495.92627
      1.77500   4495.92627   4495.92627   4495.92627   4495.92627
      1.80000   4495.92627   4495.92627   4495.92627   4495.92627
      1.82500   4495.92627   4495.92627   4495.92627   4495.92627
      1.85000   4495.92627   4495.92627   4495.92627   4495.92627
      1.87500   4495.92627   4495.92627   4495.92627   4495.92627
      1.90000   4495.92627   4495.92627   4495.92627   4495.92627
      1.92500   4495.92627   4495.92627   4495.92627   4495.92627
      1.95000   4495.92627   4495.92627   4495.92627   4495.92627
      1.97500   4495.92627   4495.92627   4495.92627   4495.92627
      2.00000   4495.92627   4495.92627   4495.92627   4495.92627
      2.02500   4495.92627   4495.92627   4495.92627   4495.92627
      2.05000   4495.92627   4495.92627   4495.92627   4495.92627
      2.07500   4495.92627   4495.92627   4495.92627   4495.92627
      2.10000   4495.92627   4495.92627   4495.92627   4495.92627
      2.12500   4495.92627   4495.92627   4495.92627   4495.92627
      2.15000   4495.92627   4495.92627   4495.92627   4495.92627
      2.17500   4495.92627   4495.92627   4495.92627   4495.92627
      2.20000   4495.92627   4495.92627   4495.92627   4495.92627
      2.22500   4495.92627   4495.92627   4495.92627   4495.92627
      2.25000   4495.92627   4495.92627   4495.92627   4495.92627
      2.27500   4495.92627   4495.92627   4495.92627   4495.92627
      2.30000   4495.92627   4495.92627   4495.92627   4495.92627
      2.32500   4495.92627   4495.92627   4495.92627   4495.92627
      2.35000   4495.92627   4495.92627   4495.92627   4495.92627
      2.37500   4495.92627   4495.92627   4495.92627   4495.92627
      2.40000   4495.92627   4495.92627   4495.92627   4495.92627
      2.42500   4495.92627   4495.92627   4495.92627   4495.92627
      2.45000   4495.92627   4495.92627   4495.92627   4495.92627
      2.47500   4495.92627   4495.92627   4495.92627   4495.92627
      2.50000   4495.92627   4495.92627   4495.92627   4495.92627
